$ANSIBLE_VAULT;1.1;AES256
30303036626162333461333832343139373939313230353133303530366637323338623562306365
6565333764313461353134396334663532643631383566370a306638316361326533376562376338
32353736313462306132376564336135636464393037323262356632376136336338333563636631
3739383135653863360a303038616130613664316538663837303531626265353039313039353661
32636330386464663833656362663335386133663936633439343634376166313931303333656432
31666138333335376431386438316636613136313333306136653762656265626232306331666132
61323038383436623237303531373533653933386166346630326464376131323335353263323564
34386139643732643732303461333464646666616233313732653162363961373937623962333365
63616234393936323761303533303030653631366462343631343264303936626261656164326664
64376531346538616337386562303265303162363631363666626337613535356134313231653363
39666263613330333332373438333863633737393463326533653130376562376537646366356234
62643561643030616462366432336465633962653163326563356335623566663538353839343366
38376561353737316133383164393564316238653262336634323730646435663366373531353763
66623561656361393663613930383731636134383165343464346139366134393233343666623162
32656666353234356166353636663064383661633464313537356136383864336236323033303238
30653133653566383035626161656534343366366535633361376264363139636664613330363438
37336332396338643063333036383865383964313937353331333039613132633664323865616330
30613564396664396330363639623063653863336662366461376261386638633861393039616332
36663338363861623862333730633463333030336466346237643236316237616236653032393731
65343531373935346563363461343933313064663335656436373730343130633434383932386166
39373366306266366666333336383731343630326536363638393664653637373232363561353561
32393161316633386330636435313933303230373932303564356663386438393662336262336233
36323739363737363862326565646461303362323662646532373865346463376534396635663965
35653533623963366534326134333063616566333336393531663932663637663436666466646533
38653139393961626234613863656539666136653363316266643236656537386366383163303336
62316434613332333531323738343063616564623033643334613934333761303037336261343861
64633639386361653933343530396663316533356339326265653739323434306361313630663039
61336231646631623765
